12180.375000
12180.375000
12180.375000
12180.375000
12180.375000
12180.375000
12180.375000
12180.375000
12180.375000
12180.375000
12180.375000
12180.375000
12180.375000
12180.375000
12180.375000
12180.375000
12180.375000
12180.375000
12180.375000
12180.375000
12180.375000
12180.375000
12180.375000
12180.375000
12180.375000
12180.375000
12180.375000
12180.375000
12180.375000
12180.375000
12180.375000
12180.375000
12180.375000
12180.375000
12028.500000
12028.500000
12028.500000
12028.500000
12028.500000
12028.500000
11876.625000
11876.625000
11724.750000
11724.750000
11724.750000
11724.750000
11572.875000
11572.875000
11572.875000
11421.000000
11421.000000
11421.000000
11421.000000
11421.000000
11421.000000
11421.000000
11421.000000
11421.000000
11421.000000
11421.000000
11542.500000
11694.375000
11664.000000
11815.875000
11815.875000
11815.875000
11815.875000
11815.875000
11815.875000
11815.875000
11815.875000
11815.875000
11815.875000
11815.875000
11815.875000
11664.000000
11664.000000
11664.000000
11664.000000
11512.125000
11512.125000
11512.125000
11512.125000
11360.250000
11360.250000
11360.250000
11208.375000
11208.375000
11208.375000
11208.375000
11208.375000
11208.375000
11056.500000
11056.500000
11056.500000
11056.500000
11056.500000
11056.500000
11056.500000
11056.500000
11056.500000
11056.500000
11056.500000
11056.500000
11178.000000
11178.000000
11178.000000
11299.500000
11299.500000
11299.500000
11299.500000
11299.500000
11299.500000
11299.500000
11299.500000
11299.500000
11299.500000
11299.500000
11299.500000
11299.500000
11299.500000
11299.500000
11299.500000
11299.500000
11299.500000
11421.000000
11421.000000
11421.000000
11421.000000
11421.000000
11542.500000
11542.500000
11542.500000
11664.000000
11664.000000
11664.000000
11664.000000
11664.000000
11664.000000
11664.000000
11664.000000
11664.000000
11664.000000
11664.000000
11664.000000
11512.125000
11512.125000
11633.625000
12089.250000
12089.250000
12696.750000
12696.750000
13516.875000
13182.750000
14215.500000
14215.500000
14215.500000
14762.250000
14580.000000
15309.000000
15309.000000
15309.000000
15309.000000
15309.000000
15096.375000
15096.375000
14549.625000
13516.875000
13030.875000
13182.750000
12544.875000
12514.500000
12362.625000
12150.000000
11876.625000
11998.125000
11998.125000
11694.375000
11846.250000
11390.625000
11694.375000
11086.875000
11086.875000
11086.875000
11086.875000
11086.875000
10935.000000
10935.000000
10935.000000
10935.000000
10935.000000
10935.000000
10935.000000
10935.000000
10935.000000
10935.000000
10935.000000
10935.000000
10935.000000
10935.000000
10935.000000
10935.000000
10783.125000
10783.125000
10783.125000
10631.250000
10631.250000
10631.250000
10631.250000
10631.250000
10631.250000
10631.250000
10631.250000
10631.250000
10631.250000
10631.250000
10631.250000
10631.250000
10631.250000
10631.250000
10631.250000
10631.250000
10631.250000
10631.250000
10631.250000
10631.250000
10631.250000
10631.250000
10631.250000
10631.250000
10752.750000
10752.750000
10874.250000
10874.250000
10995.750000
10995.750000
11117.250000
11117.250000
11117.250000
11117.250000
11117.250000
11117.250000
11117.250000
11117.250000
11117.250000
11117.250000
11117.250000
11117.250000
11117.250000
11117.250000
11117.250000
11117.250000
11117.250000
10965.375000
10965.375000
10965.375000
10965.375000
10965.375000
10965.375000
10965.375000
10965.375000
10965.375000
10965.375000
10965.375000
10965.375000
10965.375000
10965.375000
10965.375000
10813.500000
10813.500000
10266.750000
10540.125000
9628.875000
10388.250000
9264.375000
9264.375000
9264.375000
9264.375000
9264.375000
9264.375000
9264.375000
9264.375000
9355.500000
9355.500000
9355.500000
9355.500000
9355.500000
9234.000000
9234.000000
9234.000000
9112.500000
9112.500000
9112.500000
9112.500000
8991.000000
8991.000000
8869.500000
8869.500000
8869.500000
8748.000000
8748.000000
8748.000000
8748.000000
8748.000000
8748.000000
8626.500000
8626.500000
8626.500000
8626.500000
8626.500000
8626.500000
8505.000000
8505.000000
8505.000000
8505.000000
8505.000000
8505.000000
8505.000000
8596.125000
8808.750000
8808.750000
8899.875000
8899.875000
8899.875000
8899.875000
8991.000000
8991.000000
8991.000000
9082.125000
9082.125000
9082.125000
9173.250000
9173.250000
9173.250000
9173.250000
9173.250000
9173.250000
9173.250000
9173.250000
9264.375000
9264.375000
9264.375000
9264.375000
9355.500000
9355.500000
9355.500000
9355.500000
9355.500000
9355.500000
9355.500000
9355.500000
9355.500000
9355.500000
9355.500000
9234.000000
9234.000000
9234.000000
9234.000000
9234.000000
9234.000000
9234.000000
9234.000000
9234.000000
9325.125000
9325.125000
9325.125000
9325.125000
9325.125000
9325.125000
9325.125000
9416.250000
9416.250000
9416.250000
9507.375000
9507.375000
9507.375000
9507.375000
9385.875000
9385.875000
9264.375000
9264.375000
9264.375000
9264.375000
9264.375000
9264.375000
9264.375000
9264.375000
9264.375000
9264.375000
9142.875000
8656.875000
9021.375000
8444.250000
8899.875000
8899.875000
8656.875000
8656.875000
8110.125000
8535.375000
7806.375000
8413.875000
7502.625000
8292.375000
8292.375000
7776.000000
7897.500000
7229.250000
7411.500000
6712.875000
7138.125000
7138.125000
6621.750000
6773.625000
6135.750000
6439.500000
5771.250000
6257.250000
6257.250000
5862.375000
5589.000000
5285.250000
5437.125000
4920.750000
4920.750000
4920.750000
4920.750000
4920.750000
4920.750000
5042.250000
5042.250000
4981.500000
5224.500000
5103.000000
5497.875000
5285.250000
5285.250000
5558.625000
5680.125000
5680.125000
5892.750000
5892.750000
5892.750000
6196.500000
6257.250000
6773.625000
6743.250000
7502.625000
7502.625000
8626.500000
7897.500000
9446.625000
8079.750000
10327.500000
10327.500000
10327.500000
10327.500000
10327.500000
10327.500000
10175.625000
10175.625000
9537.750000
9780.750000
8960.625000
9416.250000
8231.625000
8231.625000
7836.750000
7836.750000
7350.750000
7533.000000
7077.375000
7411.500000
6804.000000
6804.000000
6075.000000
6469.875000
5558.625000
5497.875000
5224.500000
4951.125000
5072.625000
4768.875000
4981.500000
4586.625000
4586.625000
4586.625000
4586.625000
4525.875000
4525.875000
4465.125000
4465.125000
4404.375000
4404.375000
4343.625000
4343.625000
4282.875000
4282.875000
4222.125000
4222.125000
4222.125000
4222.125000
4222.125000
4100.625000
4100.625000
4039.875000
4039.875000
3979.125000
3979.125000
3918.375000
3918.375000
3857.625000
3857.625000
3857.625000
3857.625000
3857.625000
3888.000000
3888.000000
3979.125000
3918.375000
4009.500000
4009.500000
4009.500000
4039.875000
4039.875000
4100.625000
4070.250000
4191.750000
4191.750000
4222.125000
4222.125000
4252.500000
4282.875000
4282.875000
4313.250000
4313.250000
4343.625000
4343.625000
4343.625000
4343.625000
4374.000000
4374.000000
4434.750000
4404.375000
4465.125000
4465.125000
4495.500000
4495.500000
4495.500000
4495.500000
4495.500000
4495.500000
4495.500000
4495.500000
4525.875000
4525.875000
4556.250000
4556.250000
4556.250000
4586.625000
4586.625000
4677.750000
4677.750000
4708.125000
4768.875000
4799.250000
4890.375000
4920.750000
5011.875000
5042.250000
5042.250000
5224.500000
5163.750000
5406.750000
5285.250000
5589.000000
5589.000000
5649.750000
5771.250000
5862.375000
5983.875000
6196.500000
6044.625000
6348.375000
6348.375000
6348.375000
6257.250000
5649.750000
5649.750000
5558.625000
5558.625000
5467.500000
5467.500000
5467.500000
5467.500000
5467.500000
5467.500000
5467.500000
5467.500000
5528.250000
5528.250000
5528.250000
5528.250000
5528.250000
5528.250000
5528.250000
5528.250000
5589.000000
5740.875000
6014.250000
5862.375000
6166.125000
6166.125000
6166.125000
6226.875000
6226.875000
6287.625000
6287.625000
6348.375000
6348.375000
6257.250000
6257.250000
6014.250000
5923.125000
5862.375000
5771.250000
5497.875000
5406.750000
5406.750000
5315.625000
5315.625000
5315.625000
5376.375000
5437.125000
5558.625000
5832.000000
5680.125000
6044.625000
6044.625000
6044.625000
6044.625000
6044.625000
6044.625000
6105.375000
6105.375000
6166.125000
6166.125000
6166.125000
6166.125000
6226.875000
6226.875000
6226.875000
6287.625000
6287.625000
6348.375000
6348.375000
6348.375000
6348.375000
6348.375000
6348.375000
6348.375000
6348.375000
6348.375000
6348.375000
6348.375000
6409.125000
6469.875000
6469.875000
6469.875000
6378.750000
6378.750000
6287.625000
6105.375000
6196.500000
5953.500000
6105.375000
5862.375000
6257.250000
5923.125000
6500.250000
6500.250000
6500.250000
6318.000000
6257.250000
6075.000000
6075.000000
5923.125000
5923.125000
5771.250000
5832.000000
5832.000000
5832.000000
5832.000000
5832.000000
5832.000000
5832.000000
5892.750000
5953.500000
5953.500000
6257.250000
6105.375000
6500.250000
6257.250000
6743.250000
6318.000000
6986.250000
6135.750000
7047.000000
5832.000000
7107.750000
5406.750000
7381.125000
4890.375000
7867.125000
4282.875000
4282.875000
4951.125000
5346.000000
5254.875000
6075.000000
5862.375000
6469.875000
6469.875000
6804.000000
6804.000000
7502.625000
7047.000000
7988.625000
7198.875000
8626.500000
7290.000000
7290.000000
9446.625000
9446.625000
9446.625000
9537.750000
9537.750000
9628.875000
9628.875000
9750.375000
9750.375000
9871.875000
9871.875000
10114.875000
9993.375000
10357.875000
10479.375000
10600.875000
10874.250000
10874.250000
11269.125000
11269.125000
11998.125000
11694.375000
12605.625000
12605.625000
11967.750000
13577.625000
12089.250000
14458.500000
11937.375000
15612.750000
15612.750000
11360.250000
17101.125000
10327.500000
14671.125000
9932.625000
17010.000000
9021.375000
20928.375000
20928.375000
17617.500000
19014.750000
19014.750000
16706.250000
17678.250000
15187.500000
17222.625000
14124.375000
14124.375000
14124.375000
14124.375000
14124.375000
14124.375000
14124.375000
14124.375000
14124.375000
14124.375000
14124.375000
14276.250000
14276.250000
14428.125000
14428.125000
14610.375000
14610.375000
14792.625000
14792.625000
14792.625000
14974.875000
14974.875000
14974.875000
14974.875000
14974.875000
14974.875000
14974.875000
14974.875000
14974.875000
14974.875000
15157.125000
15157.125000
15157.125000
15157.125000
15157.125000
15157.125000
15157.125000
14944.500000
14944.500000
14731.875000
14731.875000
14549.625000
14549.625000
14185.125000
14367.375000
14002.875000
14002.875000
14002.875000
14002.875000
14002.875000
14002.875000
14002.875000
13820.625000
13820.625000
13456.125000
13638.375000
12939.750000
13456.125000
12271.500000
12484.125000
11664.000000
12301.875000
11086.875000
11086.875000
10935.000000
10935.000000
10783.125000
10783.125000
10783.125000
10783.125000
10783.125000
10783.125000
10783.125000
10783.125000
10783.125000
10783.125000
10783.125000
10631.250000
10631.250000
10479.375000
10479.375000
10206.000000
10206.000000
9720.000000
9932.625000
9355.500000
9780.750000
8991.000000
9082.125000
9082.125000
8626.500000
8748.000000
8201.250000
8505.000000
7897.500000
8383.500000
8383.500000
7958.250000
7684.875000
7563.375000
7290.000000
7198.875000
6834.375000
6773.625000
6773.625000
6348.375000
6439.500000
5892.750000
6196.500000
5467.500000
5649.750000
5254.875000
5254.875000
5163.750000
5163.750000
5163.750000
5163.750000
5163.750000
5163.750000
5163.750000
5163.750000
5163.750000
5163.750000
5163.750000
5163.750000
5163.750000
5163.750000
5163.750000
5163.750000
5163.750000
5163.750000
5163.750000
5163.750000
5163.750000
5163.750000
5163.750000
5163.750000
5163.750000
5163.750000
5163.750000
5163.750000
5163.750000
5163.750000
5163.750000
5224.500000
5224.500000
5285.250000
5285.250000
5346.000000
5406.750000
5467.500000
5528.250000
5680.125000
5649.750000
5801.625000
5710.500000
5923.125000
5923.125000
5771.250000
6075.000000
5832.000000
6287.625000
6287.625000
6348.375000
6348.375000
6469.875000
6469.875000
6530.625000
6591.375000
6591.375000
6652.125000
6652.125000
6712.875000
6712.875000
6712.875000
6712.875000
6712.875000
6773.625000
6773.625000
6773.625000
6773.625000
6773.625000
6773.625000
6773.625000
6773.625000
6773.625000
6773.625000
6773.625000
6773.625000
6773.625000
6773.625000
6773.625000
6773.625000
6773.625000
6773.625000
6773.625000
6773.625000
6773.625000
6773.625000
6773.625000
6773.625000
6773.625000
6773.625000
6773.625000
6773.625000
6773.625000
6773.625000
6773.625000
6773.625000
6773.625000
6682.500000
6682.500000
6591.375000
6318.000000
6409.125000
5923.125000
6226.875000
5558.625000
6135.750000
5285.250000
5285.250000
5346.000000
5346.000000
5406.750000
5406.750000
5467.500000
5467.500000
5528.250000
5528.250000
5528.250000
5589.000000
5710.500000
5649.750000
5832.000000
5832.000000
5892.750000
5892.750000
5892.750000
5953.500000
5953.500000
5953.500000
6014.250000
6014.250000
6014.250000
6075.000000
6075.000000
6135.750000
6135.750000
6196.500000
6196.500000
6257.250000
6257.250000
6257.250000
6318.000000
6318.000000
6318.000000
6378.750000
6378.750000
6439.500000
6439.500000
6439.500000
6591.375000
6500.250000
6743.250000
6743.250000
6743.250000
6804.000000
6804.000000
6864.750000
6864.750000
6925.500000
6925.500000
6925.500000
6925.500000
6834.375000
6834.375000
6743.250000
6652.125000
6652.125000
6652.125000
6561.000000
6561.000000
6561.000000
6561.000000
6561.000000
6561.000000
6561.000000
6561.000000
6561.000000
6561.000000
6561.000000
6469.875000
6469.875000
6469.875000
6469.875000
6469.875000
6469.875000
6469.875000
6469.875000
6469.875000
6469.875000
6469.875000
6469.875000
6469.875000
6469.875000
6378.750000
6378.750000
6378.750000
6378.750000
6378.750000
6378.750000
6378.750000
6439.500000
6439.500000
6652.125000
6500.250000
6804.000000
6804.000000
6804.000000
6864.750000
6864.750000
6864.750000
6864.750000
6864.750000
6864.750000
6864.750000
6864.750000
6864.750000
6864.750000
6864.750000
6864.750000
6864.750000
6864.750000
6864.750000
