5832.000000
5832.000000
5892.750000
5892.750000
5862.375000
5862.375000
5892.750000
5953.500000
6196.500000
6561.000000
6773.625000
6986.250000
7047.000000
7016.625000
6955.875000
6895.125000
6925.500000
6591.375000
6348.375000
6318.000000
6439.500000
6591.375000
6561.000000
6561.000000
6561.000000
6105.375000
5801.625000
5832.000000
5832.000000
5892.750000
6196.500000
6226.875000
6287.625000
6318.000000
6378.750000
6652.125000
6804.000000
7047.000000
7077.375000
6955.875000
6955.875000
6925.500000
6925.500000
6895.125000
6895.125000
6864.750000
7138.125000
7138.125000
7168.500000
7107.750000
7047.000000
6986.250000
6591.375000
6500.250000
6439.500000
6895.125000
7047.000000
7138.125000
7381.125000
7229.250000
7350.750000
6955.875000
6864.750000
6925.500000
6834.375000
6895.125000
7047.000000
7320.375000
7563.375000
7563.375000
7715.250000
7806.375000
7958.250000
8049.375000
8019.000000
8110.125000
8201.250000
8170.875000
8170.875000
8231.625000
8140.500000
8079.750000
8110.125000
8049.375000
7958.250000
8019.000000
8019.000000
8019.000000
8110.125000
8110.125000
8079.750000
8079.750000
8049.375000
8049.375000
8019.000000
8019.000000
8019.000000
8110.125000
8110.125000
8079.750000
8079.750000
7927.875000
7684.875000
7563.375000
7836.750000
7988.625000
8292.375000
8231.625000
7897.500000
7654.500000
7502.625000
7563.375000
8565.750000
9051.750000
9051.750000
8535.375000
8170.875000
8079.750000
8140.500000
8140.500000
8110.125000
7988.625000
7715.250000
7381.125000
6925.500000
6530.625000
6196.500000
5892.750000
5346.000000
4920.750000
5163.750000
5376.375000
5437.125000
5406.750000
5406.750000
5437.125000
5558.625000
5589.000000
5589.000000
5589.000000
6075.000000
6561.000000
7168.500000
8656.875000
10114.875000
9902.250000
8474.625000
8262.000000
8231.625000
8231.625000
8505.000000
8596.125000
8778.375000
8778.375000
8930.250000
9142.875000
9112.500000
8991.000000
9082.125000
9082.125000
8687.250000
8079.750000
7715.250000
7320.375000
7168.500000
6925.500000
6864.750000
6621.750000
6652.125000
6591.375000
6530.625000
6469.875000
6561.000000
6834.375000
6834.375000
6895.125000
6925.500000
6925.500000
6955.875000
6986.250000
6986.250000
6864.750000
6773.625000
6743.250000
7107.750000
7290.000000
8262.000000
9112.500000
9537.750000
9568.125000
10752.750000
10509.750000
10874.250000
10722.375000
10843.875000
10692.000000
10084.500000
9507.375000
9173.250000
8656.875000
8444.250000
7958.250000
7897.500000
7927.875000
7958.250000
7988.625000
7927.875000
7593.750000
7290.000000
7077.375000
7198.875000
6621.750000
6287.625000
5862.375000
5619.375000
5771.250000
6561.000000
7229.250000
7958.250000
8687.250000
8930.250000
9142.875000
8991.000000
8869.500000
8626.500000
8262.000000
8262.000000
8353.125000
8626.500000
8839.125000
8596.125000
8444.250000
8079.750000
7836.750000
7381.125000
7107.750000
6804.000000
6712.875000
6530.625000
6500.250000
6500.250000
6591.375000
6925.500000
6955.875000
6895.125000
6743.250000
6591.375000
6682.500000
6287.625000
5832.000000
5558.625000
5892.750000
6044.625000
6287.625000
6895.125000
7168.500000
7897.500000
8262.000000
8687.250000
9082.125000
8869.500000
8687.250000
8262.000000
7897.500000
7806.375000
8049.375000
8231.625000
8383.500000
8656.875000
8778.375000
8899.875000
9294.750000
9264.375000
9142.875000
9234.000000
9203.625000
9203.625000
8687.250000
8262.000000
7988.625000
8140.500000
7533.000000
7198.875000
6682.500000
6469.875000
6469.875000
6500.250000
6773.625000
6834.375000
6804.000000
6864.750000
7107.750000
7198.875000
7320.375000
7138.125000
6864.750000
6682.500000
6561.000000
6409.125000
6409.125000
6378.750000
6196.500000
6257.250000
6378.750000
6530.625000
6773.625000
7077.375000
7198.875000
7198.875000
7168.500000
6986.250000
6864.750000
7016.625000
7168.500000
7198.875000
7320.375000
7168.500000
7107.750000
7138.125000
7077.375000
7107.750000
6864.750000
6895.125000
6834.375000
6925.500000
6864.750000
6895.125000
6955.875000
7016.625000
6986.250000
6986.250000
7016.625000
6955.875000
6986.250000
6986.250000
6955.875000
6955.875000
