48144.375000
48144.375000
48144.375000
48144.375000
48114.000000
48114.000000
46929.375000
46929.375000
46929.375000
46899.000000
46899.000000
46899.000000
46899.000000
46899.000000
46899.000000
46899.000000
46899.000000
46899.000000
46899.000000
46899.000000
46899.000000
46899.000000
47476.125000
47476.125000
48691.125000
48691.125000
49298.625000
49298.625000
49268.250000
49268.250000
49875.750000
49875.750000
49845.375000
49845.375000
49815.000000
49815.000000
49815.000000
49815.000000
49815.000000
49815.000000
49177.125000
49177.125000
49177.125000
48569.625000
48569.625000
48569.625000
48569.625000
49784.625000
49784.625000
49784.625000
52396.875000
52396.875000
53733.375000
53733.375000
53733.375000
53733.375000
54401.625000
54401.625000
54401.625000
55069.875000
55069.875000
55039.500000
55039.500000
55039.500000
55009.125000
55009.125000
55009.125000
55009.125000
51151.500000
51151.500000
47567.250000
47567.250000
45835.875000
45835.875000
45258.750000
45805.500000
45805.500000
46382.625000
46382.625000
46382.625000
46352.250000
46352.250000
46352.250000
45775.125000
45775.125000
45775.125000
45198.000000
45198.000000
44620.875000
44620.875000
44620.875000
45167.625000
45167.625000
45167.625000
45137.250000
45137.250000
45137.250000
46868.625000
46868.625000
49966.875000
49966.875000
49966.875000
49966.875000
52579.125000
52579.125000
51273.000000
51273.000000
51273.000000
50635.125000
50635.125000
50635.125000
49997.250000
49997.250000
49997.250000
49997.250000
49966.875000
49966.875000
49936.500000
51242.625000
51242.625000
51880.500000
51880.500000
51880.500000
51850.125000
51850.125000
51819.750000
51819.750000
51819.750000
51819.750000
51789.375000
51789.375000
51789.375000
51759.000000
51759.000000
51759.000000
51759.000000
51759.000000
51090.750000
51090.750000
51060.375000
51060.375000
51060.375000
51698.250000
51698.250000
51698.250000
51698.250000
51667.875000
51667.875000
50999.625000
50999.625000
50999.625000
49754.250000
49754.250000
49754.250000
49754.250000
48539.250000
48539.250000
48539.250000
47931.750000
47931.750000
47931.750000
47901.375000
47901.375000
47871.000000
47871.000000
47871.000000
47263.500000
47263.500000
47233.125000
47233.125000
47233.125000
47233.125000
47202.750000
47202.750000
46595.250000
46595.250000
46595.250000
46564.875000
46564.875000
46564.875000
46534.500000
46534.500000
46534.500000
46534.500000
47719.125000
47719.125000
47719.125000
48296.250000
48296.250000
48296.250000
48903.750000
48903.750000
48903.750000
49511.250000
49511.250000
49511.250000
49480.875000
49480.875000
49480.875000
49450.500000
49450.500000
49450.500000
49450.500000
49420.125000
49420.125000
49389.750000
49389.750000
49389.750000
49389.750000
49359.375000
49359.375000
48721.500000
48721.500000
48114.000000
48114.000000
48114.000000
47506.500000
47506.500000
47506.500000
47506.500000
46321.875000
46321.875000
45744.750000
45744.750000
45744.750000
45167.625000
45167.625000
45167.625000
44590.500000
44590.500000
44590.500000
44560.125000
44560.125000
44560.125000
44529.750000
44529.750000
44529.750000
43952.625000
43952.625000
43952.625000
43405.875000
43405.875000
42342.750000
42342.750000
41279.625000
41279.625000
41279.625000
40763.250000
40763.250000
40763.250000
40246.875000
40246.875000
40216.500000
40216.500000
42312.375000
42312.375000
42312.375000
44529.750000
44529.750000
45653.625000
43952.625000
43952.625000
43952.625000
43922.250000
43922.250000
43922.250000
45046.125000
45046.125000
45046.125000
45015.750000
45015.750000
44985.375000
44985.375000
44985.375000
44955.000000
44955.000000
44955.000000
44955.000000
44955.000000
44955.000000
44377.875000
43284.375000
43800.750000
43800.750000
42707.250000
42707.250000
42707.250000
42160.500000
42160.500000
42160.500000
42676.875000
42676.875000
43740.000000
43740.000000
43740.000000
43740.000000
43740.000000
43740.000000
43740.000000
43740.000000
43740.000000
43740.000000
43740.000000
43740.000000
43740.000000
43740.000000
43740.000000
43740.000000
43740.000000
43740.000000
43740.000000
43740.000000
43193.250000
43193.250000
42130.125000
42130.125000
42130.125000
41097.375000
41097.375000
41097.375000
39609.000000
39609.000000
38637.000000
38637.000000
37665.000000
37665.000000
37665.000000
36298.125000
36298.125000
34961.625000
34961.625000
33291.000000
33291.000000
31316.625000
31316.625000
29797.875000
29797.875000
28370.250000
28370.250000
27337.500000
27337.500000
25727.625000
26335.125000
24208.875000
25363.125000
22781.250000
24421.500000
21171.375000
24117.750000
19683.000000
24087.375000
18073.125000
24998.625000
24998.625000
22720.500000
23510.250000
20867.625000
22659.750000
22659.750000
21049.875000
21839.625000
21839.625000
20776.500000
21292.875000
21292.875000
20503.125000
20746.125000
19743.750000
20472.750000
19257.750000
20442.375000
19014.750000
19014.750000
19500.750000
19500.750000
20229.750000
20229.750000
22447.125000
22781.250000
26001.000000
26001.000000
28886.625000
28886.625000
32531.625000
31650.750000
36632.250000
36632.250000
36632.250000
39578.625000
39578.625000
41644.125000
41644.125000
41644.125000
43254.000000
43254.000000
43254.000000
44924.625000
44924.625000
46048.500000
46048.500000
46048.500000
46625.625000
46625.625000
46625.625000
48417.750000
48417.750000
48417.750000
48387.375000
48387.375000
48387.375000
46625.625000
46625.625000
46625.625000
42859.125000
42859.125000
42859.125000
40307.625000
40307.625000
38363.625000
38363.625000
37422.000000
37422.000000
36936.000000
36936.000000
36936.000000
36450.000000
36450.000000
35994.375000
35994.375000
35994.375000
34688.250000
34688.250000
33412.500000
33412.500000
33412.500000
32592.375000
32197.500000
31012.875000
31012.875000
31012.875000
29524.500000
29524.500000
27762.750000
27762.750000
25515.000000
26122.500000
23449.500000
23449.500000
22325.625000
22325.625000
21778.875000
20655.000000
21505.500000
20138.625000
21475.125000
19865.250000
22021.875000
19379.250000
19379.250000
20108.250000
20624.625000
20594.250000
21141.000000
21110.625000
21961.125000
21627.000000
21627.000000
23297.625000
22173.750000
24512.625000
24512.625000
24816.375000
24816.375000
24816.375000
25423.875000
25423.875000
26061.750000
26061.750000
26699.625000
26699.625000
28096.875000
27732.375000
29554.875000
28431.000000
31104.000000
29160.000000
29160.000000
31104.000000
31104.000000
32288.625000
32288.625000
33534.000000
33534.000000
33928.875000
33928.875000
33928.875000
34779.375000
34779.375000
34779.375000
35204.625000
35204.625000
35174.250000
35174.250000
35143.875000
35143.875000
35569.125000
35569.125000
35994.375000
35994.375000
36419.625000
36419.625000
36389.250000
36389.250000
36358.875000
36358.875000
36358.875000
37270.125000
37270.125000
37239.750000
37239.750000
37239.750000
37209.375000
37209.375000
37209.375000
37179.000000
37179.000000
37179.000000
37179.000000
37179.000000
37179.000000
37179.000000
37179.000000
37179.000000
37179.000000
37179.000000
37179.000000
37179.000000
37634.625000
37634.625000
38090.250000
38090.250000
38059.875000
38059.875000
38059.875000
37573.875000
37573.875000
36632.250000
36632.250000
35295.750000
35295.750000
34414.875000
34414.875000
33564.375000
33564.375000
33564.375000
32744.250000
32744.250000
31924.125000
31924.125000
31134.375000
30769.875000
30769.875000
29646.000000
29646.000000
28552.500000
28552.500000
27519.750000
27519.750000
26821.125000
27155.250000
25849.125000
26790.750000
24907.500000
26456.625000
23692.500000
26426.250000
22538.250000
27094.500000
20715.750000
28127.250000
28127.250000
24451.875000
25545.375000
25545.375000
22447.125000
22447.125000
21110.625000
21627.000000
21627.000000
20594.250000
21080.250000
19834.875000
20806.875000
19105.875000
20776.500000
18407.250000
21292.875000
21292.875000
20260.125000
20746.125000
19500.750000
20715.750000
18771.750000
20958.750000
18073.125000
18073.125000
18771.750000
18528.750000
19500.750000
18498.375000
20229.750000
18255.375000
21292.875000
17587.125000
22690.125000
16524.000000
16524.000000
18103.500000
18528.750000
18802.125000
19713.375000
18771.750000
20472.750000
19227.375000
20989.125000
19470.375000
21505.500000
18741.375000
22325.625000
17830.125000
23783.625000
23783.625000
21839.625000
22902.750000
20533.500000
22872.375000
19318.500000
19318.500000
19804.500000
19561.500000
20290.500000
20290.500000
20260.125000
20533.500000
20229.750000
21049.875000
20199.375000
21566.250000
21566.250000
21535.875000
21535.875000
21535.875000
21778.875000
21505.500000
22325.625000
21475.125000
22872.375000
22872.375000
22842.000000
22842.000000
22842.000000
22842.000000
22842.000000
22842.000000
22842.000000
22842.000000
22842.000000
22842.000000
22842.000000
22842.000000
22538.250000
22538.250000
22507.875000
22507.875000
22477.500000
22477.500000
22477.500000
22447.125000
22447.125000
22416.750000
22416.750000
22416.750000
22690.125000
22386.375000
22386.375000
22933.125000
22356.000000
23510.250000
22629.375000
24421.500000
24421.500000
24391.125000
24391.125000
24694.875000
24694.875000
24998.625000
24998.625000
24998.625000
25302.375000
24968.250000
25606.125000
25606.125000
25575.750000
25575.750000
25545.375000
25545.375000
25515.000000
25849.125000
25849.125000
25818.750000
26152.875000
25788.375000
26122.500000
25758.000000
26426.250000
26426.250000
26395.875000
26395.875000
26365.500000
26365.500000
26335.125000
26335.125000
26304.750000
26304.750000
26274.375000
26274.375000
26244.000000
26244.000000
26244.000000
26244.000000
26244.000000
26244.000000
26244.000000
26244.000000
26244.000000
26244.000000
26244.000000
26244.000000
26244.000000
26244.000000
26244.000000
26244.000000
25909.875000
25909.875000
25879.500000
25879.500000
25849.125000
25849.125000
25849.125000
25818.750000
25818.750000
25788.375000
25788.375000
25788.375000
26092.125000
25758.000000
26760.375000
26760.375000
26730.000000
26730.000000
27064.125000
27064.125000
27367.875000
27033.750000
28066.500000
28066.500000
28036.125000
28036.125000
28005.750000
28005.750000
27975.375000
27975.375000
27945.000000
27945.000000
27945.000000
28279.125000
28279.125000
28248.750000
28248.750000
28218.375000
28218.375000
28218.375000
28188.000000
28188.000000
28522.125000
28522.125000
28491.750000
28491.750000
28461.375000
28461.375000
28461.375000
28431.000000
28795.500000
28795.500000
28765.125000
28765.125000
28734.750000
29099.250000
